00000000
00000000
01111110
01111110
00011000
00011000
00011000
00011000
00011000
00011000
00011000
00011000
00000000
00000000
00000000
00000000
00000000
00000000
01111111
01111111
01100000
01100000
01111110
01111110
01100000
01100000
01111111
01111111
00000000
00000000
00000000
00000000
00000000
00000000
01111111
01111111
01100000
01100000
01111111
01111111
00000011
00000011
01111111
01111111
00000000
00000000
00000000
00000000
00000000
00000000
01111110
01111110
00011000
00011000
00011000
00011000
00011000
00011000
00011000
00011000
00000000
00000000
00000000
00000000